File 	Id Model	 Size 	 #Facets 	 Surface 	 Volume 	 Width (original) 	 Height (original) 	 Depth (original) 	 Vol of Envelope (original) 	 MBB-orientation 	 MBB-dimensions 	 volume-MBB 	 Spies-ratio 	 MCV 	 V-value 	 Valentan 	 Time
PartType_0.STL	0	1984	38	25115.83	174983.44	98.44	32.45	100	319444.69	[0°,0°,0°]	[98.44x32.45x100.00]	319444.69	0.548	1.000	0.000	5.45	309.23
PartType_1.STL	1	3484	68	52005.02	738744.06	100	100	100	1000000	[0°,0°,0°]	[100.00x100.00x100.00]	1000000	0.739	0.921	0.132	4.79	2637.37
PartType_2.STL	2	684	12	7437.94	28415.21	72.22	49.31	47.88	170491.11	[0°,0°,0°]	[72.22x49.31x47.88]	170491.11	0.167	1.000	0.000	3.14	161.05
PartType_3.STL	3	584	10	11862.31	57857.31	66.87	60.2	86.24	347143.44	[324°,270°,144°]	[86.24x60.20x66.87]	347143.43	0.167	1.000	0.000	2.05	165.51
PartType_4.STL	4	5084	100	27491.45	254154.67	40	120	80	384000	[0°,0°,0°]	[40.00x120.00x80.00]	384000	0.662	0.811	0.135	10.82	134.05
PartType_5.STL	5	3284	64	27616.68	254048	40	120	80	384000	[0°,0°,0°]	[40.00x120.00x80.00]	384000	0.662	0.798	0.152	6.96	134.82
PartType_6.STL	6	4284	84	27570.11	253973.33	40	120	80	384000	[0°,0°,0°]	[40.00x120.00x80.00]	384000	0.661	0.756	0.090	9.12	126.35
PartType_7.STL	7	5584	110	27530.56	253904.67	80	80	80	512000	[0°,0°,0°]	[80.00x80.00x80.00]	512000	0.496	0.750	0.168	11.93	1080.62
PartType_8.STL	8	3284	64	21404.13	190368	40	80	80	256000	[0°,0°,0°]	[40.00x80.00x80.00]	256000	0.744	0.828	0.135	7.20	518.34
PartType_9.STL	9	5484	108	27580.14	253986.67	80	80	80	512000	[0°,0°,0°]	[80.00x80.00x80.00]	512000	0.496	0.726	0.137	11.73	1207.00
PartType_10.STL	10	5184	102	27577.81	253984.67	80	80	80	512000	[0°,0°,0°]	[80.00x80.00x80.00]	512000	0.496	0.726	0.137	11.08	1085.34
PartType_11.STL	11	635684	12712	41672.68	167003.03	152.52	91.42	62.47	871059.73	[0°,0°,0°]	[152.52x91.42x62.47]	871059.73	0.192	0.447	0.174	3172.06	6505.21
PartType_12.STL	12	800084	16000	11601.96	28676.13	64.01	45.72	18.29	53518.03	[90°,90°,180°]	[45.72x18.29x64.01]	53518.02	0.536	0.333	0.146	6473.37	8639.27
PartType_13.STL	13	1344684	26892	3192.08	3051.07	24.68	39.49	13.41	13073.3	[0°,0°,0°]	[24.68x39.49x13.41]	13073.3	0.233	0.351	0.199	28134.85	25333.54
PartType_14.STL	14	5390384	107806	16740.56	35628.19	64.8	64.82	33.6	141132.41	[0°,0°,0°]	[64.80x64.82x33.60]	141132.41	0.252	0.438	0.181	50654.64	524019.15
PartType_15.STL	15	2964784	59294	1840.22	2271.25	36.92	11.88	11.88	5211.18	[178°,90°,175°]	[11.88x11.88x36.92]	5210.6	0.436	0.407	0.085	48041.45	119567.04
PartType_16.STL	16	885984	17718	10598.67	6167.31	21.3	29.74	72.01	45609.2	[89°,90°,89°]	[72.96x28.18x21.30]	43789.86	0.141	0.236	0.092	30448.79	12793.76
PartType_17.STL	17	519784	10394	7424.74	4438.81	27.12	12.38	76.77	25783.53	[0°,0°,0°]	[27.12x12.38x76.77]	25783.53	0.172	0.486	0.087	17385.92	4871.09
PartType_18.STL	18	518584	10370	7424.75	4438.95	27.12	12.38	76.67	25750.08	[0°,0°,0°]	[27.12x12.38x76.67]	25750.08	0.172	0.486	0.087	17345.25	4795.76
PartType_19.STL	19	3771684	75432	47291.47	7201.14	131.64	56.52	56.52	420526.72	[21°,180°,180°]	[131.64x56.50x56.50]	420238.33	0.017	0.584	0.105	495378.42	181703.74
PartType_20.STL	20	624984	12498	5295.44	2539.98	58.79	28.8	16.72	28312.48	[0°,0°,0°]	[58.79x28.80x16.72]	28312.48	0.090	0.178	0.080	26056.33	7216.48
PartType_21.STL	21	327684	6552	1593.9	447.87	14.4	10.62	39.26	6006.58	[0°,0°,0°]	[14.40x10.62x39.26]	6006.58	0.075	0.234	0.082	23317.63	1407.85
PartType_22.STL	22	71084	1420	237.26	116.58	6.12	8.52	6.12	318.9	[180°,280°,90°]	[8.52x6.12x6.11]	318.55	0.366	0.514	0.099	2889.88	420.03
PartType_23.STL	23	484984	9698	10743.96	6101.99	37.93	52.2	39.17	77552.15	[274°,0°,188°]	[36.84x37.00x54.77]	74654.19	0.082	0.234	0.088	17075.56	4278.13
PartType_24.STL	24	5047484	100948	7327.93	13904.66	38.97	64.05	66.97	167141.61	[164°,280°,177°]	[62.20x69.86x35.39]	153772.39	0.090	0.409	0.121	53200.81	427476.84
PartType_25.STL	25	2545584	50910	5930.7	1216.35	9.93	42.37	42.37	17827.68	[315°,270°,324°]	[42.37x42.36x9.93]	17825.52	0.068	0.224	0.191	248228.14	88774.41
PartType_26.STL	26	717734	14353	18804.24	19454.89	91.2	90	14.1	115732.89	[0°,0°,0°]	[91.20x90.00x14.10]	115732.89	0.168	0.407	0.223	13872.98	7688.87
PartType_27.STL	27	1500284	30004	20658.52	11600.02	107.74	43.2	31.61	147120.8	[270°,180°,176°]	[108.25x29.60x43.20]	138417.72	0.084	0.229	0.102	53434.27	41685.40
PartType_28.STL	28	31084	620	1065.14	495.88	18	11.09	10.77	2149.9	[0°,0°,0°]	[18.00x11.09x10.77]	2149.9	0.231	0.345	0.098	1331.74	458.84
PartType_29.STL	29	2213	12	15990.8	105413.7	70.7	71	21	105413.7	[134°,270°,314°]	[21.00x71.00x70.70]	105413.69	1.000	1.000	0.000	1.82	720.47
PartType_30.STL	30	243084	4860	17206.39	36963.85	39.59	72.06	60	171176.14	[0°,0°,0°]	[39.59x72.06x60.00]	171176.14	0.216	0.289	0.110	2262.29	925.93
PartType_31.STL	31	885984	17718	66241.65	96364.25	180.01	74.34	53.25	712643.73	[90°,272°,180°]	[70.45x53.25x182.40]	684216.2	0.141	0.263	0.099	12179.51	11654.03
PartType_32.STL	32	519784	10394	46404.61	69356.17	191.92	67.8	30.96	402867.53	[180°,180°,89°]	[67.26x191.43x30.96]	398631.92	0.174	0.483	0.090	6954.39	4370.90
PartType_33.STL	33	615084	12300	39326.1	64671.62	120	120	18	259200.01	[0°,0°,0°]	[120.00x120.00x18.00]	259200.01	0.250	0.189	0.083	7479.49	5019.12
PartType_34.STL	34	1508634	30171	16802.83	27707.83	47.62	47.63	101.16	229434.94	[180°,180°,236°]	[47.60x47.60x101.16]	229147.76	0.121	0.371	0.068	18296.57	36466.52
PartType_35.STL	35	2478284	49564	57745.02	160778.2	65.31	113.29	80.18	593270.03	[0°,0°,0°]	[65.31x113.29x80.18]	593270.03	0.271	0.346	0.107	17801.38	92164.16
PartType_36.STL	36	201484	4028	29675.93	24127.23	56.2	66.68	69.53	260539.35	[249°,270°,317°]	[66.61x66.97x56.20]	250675.28	0.096	0.108	0.040	4954.35	1062.33
PartType_37.STL	37	246284	4924	63252.48	130256.8	96.57	72.08	103.24	718616.16	[0°,0°,0°]	[96.57x72.08x103.24]	718616.16	0.181	0.164	0.049	2391.09	1498.03
PartType_38.STL	38	327684	6552	9961.85	6997.92	98.16	26.56	36	93852.81	[0°,0°,0°]	[98.16x26.56x36.00]	93852.81	0.075	0.242	0.083	9327.06	1225.79
PartType_39.STL	39	71084	1420	1482.87	1821.59	15.29	15.3	21.3	4982.8	[0°,180°,337°]	[15.28x15.29x21.30]	4976.22	0.366	0.513	0.099	1155.95	407.12
PartType_40.STL	40	5047484	100948	49927.77	247287.47	173.65	131.6	142.88	3265202.78	[234°,327°,177°]	[157.98x97.06x184.83]	2834006.85	0.087	0.411	0.131	20381.58	437352.65
PartType_41.STL	41	3796784	75934	18949.78	33018.05	50.87	47.63	77.52	187829.24	[180°,181°,241°]	[47.73x47.83x78.11]	178319.62	0.185	0.311	0.089	43580.19	174080.31
PartType_42.STL	42	41484	828	2353.49	776.49	25.46	25.46	25.21	16334.53	[74°,90°,106°]	[25.21x25.46x25.46]	16334.53	0.048	0.169	0.079	2509.61	238.57
PartType_43.STL	43	54484	1088	29405.1	325851.71	50	49.86	174.93	436100.74	[0°,0°,0°]	[50.00x49.86x174.93]	436100.74	0.747	1.000	0.000	98.18	74.62
PartType_44.STL	44	26284	524	19601.67	122161.74	50	49.86	175	436275.01	[0°,0°,0°]	[50.00x49.86x175.00]	436275.01	0.280	0.682	0.162	84.08	20.72
PartType_45.STL	45	12584	250	15826.49	114110.73	50	49.86	175	436277.21	[216°,80°,151°]	[176.56x49.59x49.45]	432944.95	0.264	1.000	0.000	34.67	13.75
PartType_46.STL	46	5984	118	25388.81	261320.79	100	100	100	1000000	[124°,37°,308°]	[89.40x109.11x89.47]	872756.51	0.299	1.000	0.000	11.46	594.62
PartType_47.STL	47	684	12	3750	15625	25	25	25	15625	[0°,0°,0°]	[25.00x25.00x25.00]	15625	1.000	1.000	0.000	2.88	3372.91
PartType_48.STL	48	16684	332	31375.64	342330.91	50	49.86	175	436275.01	[0°,0°,0°]	[50.00x49.86x175.00]	436275.01	0.785	1.000	0.000	30.43	52.23
PartType_49.STL	49	12484	248	23528.99	244522.08	50	49.86	125	311625	[0°,0°,0°]	[50.00x49.86x125.00]	311625	0.785	1.000	0.000	23.86	117.28
PartType_50.STL	50	130084	2600	17617.74	219552.47	75	75	75	421875	[134°,85°,202°]	[74.86x74.84x74.74]	418687.92	0.524	1.000	0.000	208.63	1339.21
PartType_51.STL	51	484	8	2758.88	7812.5	25	25	25	15625	[0°,0°,0°]	[25.00x25.00x25.00]	15625	0.500	1.000	0.000	2.83	1297.92
PartType_52.STL	52	684	12	46656	629856	54	108	108	629856	[0°,0°,0°]	[54.00x108.00x108.00]	629856	1.000	1.000	0.000	0.89	739.64
PartType_53.STL	53	684	12	7523.28	28343.52	108	16.2	16.2	28343.52	[0°,0°,0°]	[108.00x16.20x16.20]	28343.52	1.000	1.000	0.000	3.19	17.04
PartType_54.STL	54	1284	24	51927.35	453642.5	77.14	91.57	135	953538.89	[107°,90°,73°]	[135.00x91.57x77.14]	953538.85	0.476	0.778	0.104	2.75	361.70
PartType_55.STL	55	1484	28	12468.41	46544.48	76.73	33.23	54	137681.43	[94°,90°,176°]	[33.23x54.00x76.73]	137681.43	0.338	0.712	0.177	7.50	208.78
PartType_56.STL	56	2684	52	60899.25	349695.94	87.83	107.87	108	1023217.96	[0°,0°,0°]	[87.83x107.87x108.00]	1023217.96	0.342	0.377	0.084	9.06	869.05
PartType_57.STL	57	1084	20	8638.3	25451.13	151.6	30.12	10.8	49311.98	[0°,0°,0°]	[151.60x30.12x10.80]	49311.98	0.516	0.941	0.151	6.79	4.74
PartType_58.STL	58	1084	20	14591.65	38333.78	24.55	27.39	135	90777.86	[0°,0°,0°]	[24.55x27.39x135.00]	90777.86	0.422	0.777	0.147	7.61	13.28
PartType_59.STL	59	2484	48	80804.69	197365.34	54	162	189	1653372	[96°,270°,186°]	[162.00x189.00x54.00]	1653371.99	0.119	0.281	0.060	19.65	79.50
PartType_60.STL	60	699184	13982	87972.66	171256.09	109	127.83	129.1	1798914.35	[6°,181°,180°]	[109.00x118.43x134.37]	1734482.28	0.099	0.212	0.062	7182.42	5891.39
PartType_61.STL	61	389584	7790	59314.19	121782.14	119.62	75.24	131.56	1184205.42	[270°,85°,180°]	[74.40x131.56x119.76]	1172187.04	0.104	0.227	0.099	3794.13	1967.39
PartType_62.STL	62	749484	14988	124980.06	301803.79	95.78	117.85	155.31	1753102.75	[0°,0°,0°]	[95.78x117.85x155.31]	1753102.75	0.172	0.232	0.098	6206.69	6483.16
PartType_63.STL	63	56284	1124	19928.81	79835.91	80.29	78.62	39.01	246259.22	[0°,0°,0°]	[80.29x78.62x39.01]	246259.22	0.324	0.393	0.121	280.58	377.11
PartType_64.STL	64	10684	212	4540.08	11638.98	35.84	24.28	35.06	30510.73	[0°,0°,0°]	[35.84x24.28x35.06]	30510.73	0.382	0.554	0.204	82.70	488.49
PartType_65.STL	65	69284	1384	3169.6	6441.4	32.75	32.94	10.73	11571.98	[0°,0°,0°]	[32.75x32.94x10.73]	11571.98	0.557	0.596	0.116	681.02	403.15
PartType_66.STL	66	26084	520	42201.46	153593.93	162.02	166.75	11.23	303338.34	[90°,6°,270°]	[11.23x175.32x150.25]	295779.31	0.519	0.348	0.105	142.88	58.24
PartType_67.STL	67	58484	1168	65119.18	315865.43	165.75	153.86	53.09	1353861.09	[193°,270°,193°]	[53.09x153.86x165.75]	1353861	0.233	0.272	0.121	240.80	137.54
PartType_68.STL	68	45584	910	35430.42	130642.83	155.27	136.1	19.01	401642.35	[186°,90°,-6°]	[19.01x136.10x155.27]	401642.34	0.325	0.424	0.107	246.79	74.74
PartType_69.STL	69	38684	772	34105.15	124390.62	176	181.37	11.25	359103.79	[0°,0°,0°]	[176.00x181.37x11.25]	359103.79	0.346	0.528	0.175	211.67	40.73
PartType_70.STL	70	449784	8994	33393.41	117394.34	59.57	59.25	132.03	466020.23	[0°,0°,0°]	[59.57x59.25x132.03]	466020.23	0.252	0.419	0.143	2558.39	2793.54
PartType_71.STL	71	162284	3244	22703.13	82999.14	80	52.5	36.7	154112.47	[347°,270°,77°]	[52.50x36.70x80.00]	154112.46	0.539	0.509	0.083	887.35	567.00
PartType_72.STL	72	5284	104	15420.95	40860.44	140.43	163.03	11.65	266721.04	[270°,135°,90°]	[11.65x39.60x197.26]	91001.39	0.449	0.551	0.168	39.25	8.58
PartType_73.STL	73	58484	1168	65119.18	315865.42	165.75	153.86	53.09	1353861.09	[90°,90°,0°]	[153.86x53.09x165.75]	1353861.03	0.233	0.269	0.119	240.80	137.77
PartType_74.STL	74	87684	1752	40426.84	157470.4	104.51	104.21	64.44	701776.42	[270°,159°,180°]	[104.53x64.44x104.01]	700591.46	0.225	0.264	0.090	449.79	404.44
PartType_75.STL	75	38284	764	45271.78	213242.35	137.71	137.71	42.99	815227.89	[0°,0°,0°]	[137.71x137.71x42.99]	815227.89	0.262	0.361	0.120	162.20	151.14
PartType_76.STL	76	16384	326	4789.84	9933.04	30.09	76.94	7.24	16762.39	[180°,180°,180°]	[30.09x76.94x7.24]	16762.39	0.593	0.554	0.078	157.20	16.77
PartType_77.STL	77	45584	910	35430.42	130642.83	155.27	136.1	19.01	401642.35	[292°,90°,68°]	[19.01x136.10x155.27]	401642.34	0.325	0.420	0.108	246.79	74.78
PartType_78.STL	78	177984	3558	15914.39	50089.05	60.23	59.9	87.6	316058.58	[357°,90°,93°]	[59.90x87.60x60.23]	316058.57	0.159	0.332	0.094	1130.45	425.38
PartType_79.STL	79	52484	1048	23462.92	118061.86	53.59	130.52	64.58	451695.79	[0°,0°,0°]	[53.59x130.52x64.58]	451695.79	0.261	0.693	0.192	208.27	89.57
PartType_80.STL	80	72784	1454	39689.86	94270.92	53.64	137.79	64.35	475684.63	[0°,0°,0°]	[53.64x137.79x64.35]	475684.63	0.198	0.213	0.086	612.16	90.64
PartType_81.STL	81	5084	100	10909.76	23948.98	80.71	81.38	6.34	41660.18	[246°,90°,114°]	[6.34x81.38x80.71]	41660.17	0.575	0.431	0.135	45.55	70.50
PartType_82.STL	82	16384	326	42307.44	215797.11	124.13	137.58	48.13	821820.16	[0°,0°,0°]	[124.13x137.58x48.13]	821820.16	0.263	0.563	0.220	63.91	134.94
PartType_83.STL	83	16384	326	42307.43	215797.01	124.13	137.58	48.13	821819.4	[0°,0°,0°]	[124.13x137.58x48.13]	821819.4	0.263	0.561	0.223	63.91	134.28
PartType_84.STL	84	2183284	43664	143958.32	392400.09	108.81	97.62	163.74	1739274.09	[304°,270°,30°]	[93.86x169.10x108.81]	1727048.59	0.227	0.471	0.047	16018.84	69395.42
PartType_85.STL	85	286384	5726	79145.3	285078.32	94.58	178.52	181.7	3067866.61	[0°,0°,0°]	[94.58x178.52x181.70]	3067866.61	0.093	0.374	0.145	1589.69	1110.50
PartType_86.STL	86	286384	5726	79150.13	285121.64	94.58	178.52	181.7	3067866.61	[349°,270°,259°]	[178.52x181.70x94.58]	3067866.54	0.093	0.454	0.174	1589.54	1156.05
PartType_87.STL	87	10884	216	7336.83	16186.56	45.77	46.54	22.74	48439.2	[0°,0°,0°]	[45.77x46.54x22.74]	48439.2	0.334	0.284	0.079	97.91	258.15
PartType_88.STL	88	719484	14388	46209.58	105558.4	80.7	74.64	175.98	1059991.91	[278°,240°,178°]	[77.47x182.75x70.31]	995369.47	0.106	0.399	0.104	6298.54	6543.07
PartType_89.STL	89	194984	3898	36725.37	78246.95	80.88	105.93	104.2	892730.04	[120°,270°,300°]	[104.20x105.93x80.88]	892730	0.088	0.349	0.159	1829.53	739.64
PartType_90.STL	90	137184	2742	34507.75	66285.21	80.88	105.93	104.2	892769.55	[327°,304°,61°]	[127.01x118.83x58.14]	877517.62	0.076	0.361	0.140	1427.47	459.55
PartType_91.STL	91	204784	4094	37462.51	79374.79	80.88	105.93	104.11	892024.83	[0°,-4°,277°]	[114.39x71.83x107.79]	885675.33	0.090	0.329	0.145	1932.24	784.96
PartType_92.STL	92	139584	2790	34423.68	65514.92	80.87	105.92	104.11	891773.38	[0°,0°,0°]	[80.87x105.92x104.11]	891773.38	0.074	0.350	0.140	1465.96	448.97
PartType_93.STL	93	1224084	24480	60587.51	192834.76	103.6	100.78	103.91	1084957.28	[0°,0°,0°]	[103.60x100.78x103.91]	1084957.28	0.178	0.254	0.093	7691.47	21038.76
PartType_94.STL	94	1235084	24700	62127.99	197678.52	103.6	100.78	103.91	1084957.64	[0°,0°,0°]	[103.60x100.78x103.91]	1084957.64	0.182	0.256	0.087	7762.91	20254.76
PartType_95.STL	95	1035484	20708	111264.11	230893.5	155.84	120.47	165.04	3098441.72	[90°,182°,180°]	[156.05x165.04x118.88]	3061799.31	0.075	0.195	0.082	9978.87	13893.02
PartType_96.STL	96	166684	3332	11798.95	21757.76	128.55	25.27	21.69	70454.91	[348°,90°,12°]	[21.69x25.27x128.55]	70454.91	0.309	0.165	0.059	1806.90	289.36
PartType_97.STL	97	2304484	46088	74663.61	709096.89	166.27	197.99	48.54	1597798.06	[0°,0°,0°]	[166.27x197.99x48.54]	1597798.06	0.444	0.468	0.050	4852.79	57616.50
PartType_98.STL	98	45584	910	11015.03	30503.11	54	66.9	20.97	75751.27	[0°,0°,0°]	[54.00x66.90x20.97]	75751.27	0.403	0.501	0.235	328.61	196.29
PartType_99.STL	99	45584	910	11015.03	30503.1	54	66.9	20.97	75751.27	[0°,0°,0°]	[54.00x66.90x20.97]	75751.27	0.403	0.497	0.234	328.61	197.40
PartType_100.STL	100	445784	8914	7019.33	6994.07	82.55	44.99	10.87	40381.6	[0°,0°,0°]	[82.55x44.99x10.87]	40381.6	0.173	0.173	0.061	8946.20	2380.17
PartType_101.STL	101	17884	356	2945.52	3110.98	51.22	47.72	4.48	10954.59	[0°,180°,101°]	[47.18x50.18x4.48]	10611.7	0.293	0.572	0.187	337.07	40.45
PartType_102.STL	102	12584	250	1702.7	1690.56	51.71	19.66	4.48	4557.17	[90°,10°,0°]	[52.35x4.48x13.52]	3173.12	0.533	0.794	0.185	251.80	14.89
PartType_103.STL	103	17784	354	1393.98	1687.78	8.4	27	10.5	2380.72	[0°,0°,0°]	[8.40x27.00x10.50]	2380.72	0.709	0.462	0.155	292.38	79.63
PartType_104.STL	104	20584	410	4969.15	9655.27	45.79	50.54	20.22	46811.35	[0°,0°,0°]	[45.79x50.54x20.22]	46811.35	0.206	0.752	0.232	211.01	147.86
PartType_105.STL	105	20584	410	4969.15	9655.27	45.79	50.54	20.22	46811.34	[0°,0°,0°]	[45.79x50.54x20.22]	46811.34	0.206	0.752	0.232	211.01	146.02
PartType_106.STL	106	80184	1602	27383.21	90339.12	97.5	112.62	49.91	548012.06	[0°,0°,0°]	[97.50x112.62x49.91]	548012.06	0.165	0.276	0.097	485.59	132.50
PartType_107.STL	107	30384	606	9809.6	27963.94	31.5	42.17	74.25	98628.28	[0°,0°,0°]	[31.50x42.17x74.25]	98628.28	0.284	0.540	0.120	212.58	103.76
PartType_108.STL	108	170584	3410	55367.88	137702.98	143.76	143.76	97.84	2022131.27	[270°,135°,253°]	[105.09x76.13x195.83]	1566677.3	0.088	0.313	0.083	1371.10	531.16
PartType_109.STL	109	138684	2772	12734.45	50323.28	130.67	24.56	18.12	58144.9	[0°,0°,0°]	[130.67x24.56x18.12]	58144.9	0.866	0.842	0.179	701.46	263.58
PartType_110.STL	110	22884	456	14850.19	48667.98	135.7	64.04	25.57	222184.16	[0°,0°,0°]	[135.70x64.04x25.57]	222184.16	0.219	0.385	0.096	139.14	15.01
PartType_111.STL	111	343484	6868	6986.38	11217.61	36.56	36.17	51.9	68633.39	[0°,0°,0°]	[36.56x36.17x51.90]	68633.39	0.163	0.344	0.079	4277.42	1991.17
PartType_112.STL	112	51084	1020	33026.24	78262.6	166.13	193.37	12.4	398219.6	[0°,0°,0°]	[166.13x193.37x12.40]	398219.6	0.197	0.282	0.089	430.43	89.89
PartType_113.STL	113	291584	5830	52466.15	135188.99	144.56	144.57	86.93	1816711.65	[270°,135°,90°]	[86.93x173.44x94.13]	1419193.54	0.095	0.267	0.096	2262.59	1164.39
PartType_114.STL	114	131684	2632	69834.84	225473.81	145.66	140.9	98.68	2025275.63	[283°,270°,13°]	[140.90x98.68x145.66]	2025275.56	0.111	0.175	0.068	815.20	361.64
PartType_115.STL	115	50484	1008	48982.13	136112.29	118.07	133.35	149.18	2348919.47	[0°,0°,0°]	[118.07x133.35x149.18]	2348919.47	0.058	0.243	0.087	362.74	105.50
PartType_116.STL	116	157884	3156	73533.93	184256.19	129.48	133.54	149.31	2581677.25	[51°,270°,231°]	[149.31x133.54x129.48]	2581677.1	0.071	0.189	0.065	1259.51	510.27
PartType_117.STL	117	344184	6882	20904.83	35596.31	59.05	105.55	40.53	252594.29	[0°,0°,0°]	[59.05x105.55x40.53]	252594.29	0.141	0.098	0.025	4041.63	1833.18
PartType_118.STL	118	351984	7038	45201.11	75325.66	166.56	137.64	40.34	924757.96	[0°,0°,0°]	[166.56x137.64x40.34]	924757.96	0.082	0.202	0.120	4223.33	1594.44
PartType_119.STL	119	204084	4080	4200.74	8228.66	39.28	40.5	7.49	11919.29	[0°,0°,0°]	[39.28x40.50x7.49]	11919.29	0.690	0.628	0.098	2082.85	798.16
PartType_120.STL	120	160784	3214	3920.64	5679.48	39.28	40.5	7.5	11925.32	[0°,0°,0°]	[39.28x40.50x7.50]	11925.32	0.476	0.406	0.122	2218.68	418.21
PartType_121.STL	121	615584	12310	33687.71	52497.91	134.82	114.9	25.83	400139.79	[0°,0°,0°]	[134.82x114.90x25.83]	400139.79	0.131	0.048	0.018	7899.28	4084.51
PartType_122.STL	122	38684	772	8854.91	23975.63	133.04	21.79	10.75	31164.31	[0°,0°,0°]	[133.04x21.79x10.75]	31164.31	0.769	0.881	0.124	285.12	19.61
PartType_123.STL	123	83384	1666	15543.25	51600.49	118.9	55.63	20.71	136986.6	[0°,0°,0°]	[118.90x55.63x20.71]	136986.6	0.377	0.772	0.197	501.84	97.24
PartType_124.STL	124	28484	568	73433.43	141205.4	161.7	60.56	145.97	1429389.28	[359°,180°,0°]	[161.70x60.08x146.89]	1427118.91	0.099	0.307	0.134	295.39	227.35
PartType_125.STL	125	93284	1864	104302.3	266645.03	140.3	139.09	158.74	3097634.63	[354°,267°,88°]	[131.63x162.49x141.22]	3020371.25	0.088	0.223	0.094	729.13	460.86
PartType_126.STL	126	188284	3764	62590.26	158349.64	100.1	167.39	59.48	996598.7	[270°,0°,270°]	[59.48x100.10x167.39]	996598.65	0.159	0.260	0.144	1487.78	433.05
PartType_127.STL	127	132384	2646	23625.21	42193.58	118.91	45.41	37.11	200410.37	[0°,0°,0°]	[118.91x45.41x37.11]	200410.37	0.211	0.369	0.151	1481.56	186.92
PartType_128.STL	128	38684	772	8854.91	23975.63	133.04	21.79	10.75	31164.31	[0°,0°,0°]	[133.04x21.79x10.75]	31164.31	0.769	0.880	0.126	285.12	19.79
PartType_129.STL	129	83384	1666	15543.25	51600.49	118.9	55.63	20.71	136986.6	[90°,270°,270°]	[20.71x55.63x118.90]	136986.6	0.377	0.772	0.198	501.84	97.00
PartType_130.STL	130	28484	568	73433.43	141205.4	161.7	60.56	145.97	1429389.37	[89°,0°,270°]	[146.89x161.70x60.08]	1427118.91	0.099	0.307	0.134	295.39	218.00
PartType_131.STL	131	93284	1864	104302.29	266645.02	140.3	139.09	158.74	3097634.63	[90°,58°,358°]	[86.67x160.57x166.93]	2323051.91	0.115	0.201	0.085	729.13	434.13
PartType_132.STL	132	1020084	20400	21003.71	41143.29	82.89	123.76	7.49	76862.05	[0°,0°,0°]	[82.89x123.76x7.49]	76862.05	0.535	0.189	0.014	10414.23	11506.02
PartType_133.STL	133	188284	3764	62590.26	158349.64	100.1	167.39	59.48	996598.66	[0°,0°,270°]	[167.39x100.10x59.48]	996598.65	0.159	0.260	0.144	1487.78	454.53
PartType_134.STL	134	803584	16070	19603.22	28397.4	84.21	125.08	7.5	78961.24	[0°,0°,0°]	[84.21x125.08x7.50]	78961.24	0.360	0.134	0.019	11093.40	6620.57
PartType_135.STL	135	131684	2632	23626.89	42205.87	118.91	45.41	37.11	200420.67	[0°,0°,0°]	[118.91x45.41x37.11]	200420.67	0.211	0.369	0.151	1473.40	195.43
PartType_136.STL	136	256184	5122	15248.38	22446.63	50.75	90.46	34.83	159890.18	[0°,0°,0°]	[50.75x90.46x34.83]	159890.18	0.140	0.097	0.025	3479.46	916.34
PartType_137.STL	137	80784	1614	21129	43247.97	72.8	48.41	119.88	422541.95	[0°,0°,0°]	[72.80x48.41x119.88]	422541.95	0.102	0.169	0.074	788.53	85.56
PartType_138.STL	138	256084	5120	20658.38	35507.9	59.05	105.26	40.53	251946.78	[0°,0°,0°]	[59.05x105.26x40.53]	251946.78	0.141	0.097	0.025	2978.80	915.76
PartType_139.STL	139	2932884	58656	16377.25	32207.18	116.55	104.9	13.31	162734.28	[0°,0°,0°]	[116.55x104.90x13.31]	162734.28	0.198	0.201	0.049	29826.40	90178.73
PartType_140.STL	140	45484	908	30043.58	96600.18	122.07	117.29	24.63	352646.55	[270°,175°,180°]	[123.72x24.63x114.89]	350108.69	0.276	0.509	0.207	282.40	163.35
PartType_141.STL	141	105484	2108	94868.52	205646.99	160.87	73.02	145.94	1714251.34	[180°,0°,90°]	[73.02x160.87x145.94]	1714251.26	0.120	0.246	0.125	972.46	404.08
PartType_142.STL	142	28484	568	73433.43	141205.4	161.7	60.56	145.97	1429389.28	[89°,180°,90°]	[146.89x161.70x60.08]	1427118.91	0.099	0.307	0.134	295.39	251.73
PartType_143.STL	143	93284	1864	104302.3	266645.03	140.3	139.09	158.74	3097634.63	[268°,46°,1°]	[72.39x161.93x167.88]	1967884.25	0.136	0.223	0.094	729.13	457.88
PartType_144.STL	144	78684	1572	119304.98	325105.75	169.47	94.59	158.49	2540578.87	[0°,0°,0°]	[169.47x94.59x158.49]	2540578.87	0.128	0.218	0.095	576.88	374.38
PartType_145.STL	145	264584	5290	34339.9	78866.38	90.08	121.87	44.73	491029.02	[0°,0°,0°]	[90.08x121.87x44.73]	491029.02	0.161	0.093	0.027	2303.36	1076.65
PartType_146.STL	146	2501284	50024	43705.58	160518.14	142.81	162.5	20.6	478127.54	[0°,0°,0°]	[142.81x162.50x20.60]	478127.54	0.336	0.894	0.106	13620.44	85746.97
PartType_147.STL	147	442084	8840	71127.07	209441.91	133.85	179.04	28.29	678036.42	[0°,0°,0°]	[133.85x179.04x28.29]	678036.42	0.309	0.507	0.219	3002.09	3006.27
PartType_148.STL	148	164084	3280	31073.99	86748.5	93	121.18	26.58	299537.59	[0°,0°,0°]	[93.00x121.18x26.58]	299537.59	0.290	0.390	0.132	1174.92	347.98
PartType_149.STL	149	256084	5120	23747.94	43780.43	63.31	112.86	43.46	310529.28	[0°,0°,0°]	[63.31x112.86x43.46]	310529.28	0.141	0.097	0.025	2777.26	1101.66
PartType_150.STL	150	256184	5122	18812.21	30868.83	56.35	100.45	38.68	218930.05	[0°,0°,0°]	[56.35x100.45x38.68]	218930.05	0.141	0.097	0.025	3121.47	1024.65
PartType_151.STL	151	34884	696	60676.05	388654.18	129.24	151.44	78.36	1533805.77	[0°,0°,0°]	[129.24x151.44x78.36]	1533805.77	0.253	0.388	0.124	108.66	212.51
PartType_152.STL	152	34484	688	61618.34	400106.09	140.32	151.44	78.36	1665302.64	[0°,0°,0°]	[140.32x151.44x78.36]	1665302.64	0.240	0.388	0.130	105.96	231.24
PartType_153.STL	153	126784	2534	72186.68	520805.27	190.65	147.56	28.29	795871.75	[0°,0°,0°]	[190.65x147.56x28.29]	795871.75	0.654	0.525	0.168	351.23	292.39
PartType_154.STL	154	126784	2534	72186.68	520805.27	190.65	147.56	28.29	795871.81	[0°,0°,0°]	[190.65x147.56x28.29]	795871.81	0.654	0.532	0.180	351.23	276.68
PartType_155.STL	155	106284	2124	99384.55	827116.38	171.92	144.16	95.32	2362547.34	[0°,0°,0°]	[171.92x144.16x95.32]	2362547.34	0.350	0.452	0.191	255.22	446.23
PartType_156.STL	156	106484	2128	100030.06	839926.47	183.02	143.5	95.32	2503475.67	[0°,0°,0°]	[183.02x143.50x95.32]	2503475.67	0.336	0.466	0.188	253.43	354.55
PartType_157.STL	157	41284	824	45241.45	247876.2	180.42	179.1	22.66	732336.48	[270°,300°,0°]	[117.71x22.66x191.54]	510963.83	0.485	0.532	0.167	150.39	79.88
PartType_158.STL	158	41284	824	46347.74	260287.75	180.43	179.14	22.66	732515.04	[0°,0°,0°]	[180.43x179.14x22.66]	732515.04	0.355	0.528	0.161	146.72	82.85
PartType_159.STL	159	186384	3726	88886.91	607217.09	169.57	125.54	136.49	2905491.03	[0°,0°,0°]	[169.57x125.54x136.49]	2905491.03	0.209	0.398	0.161	545.43	716.72
PartType_160.STL	160	186384	3726	89438.07	614792.72	180.73	125.54	136.49	3096794.71	[0°,180°,84°]	[115.07x191.25x136.49]	3003860.52	0.205	0.417	0.155	542.05	647.86
PartType_161.STL	161	141884	2836	42911.99	98950.23	80.93	97	108.79	854063.23	[183°,180°,270°]	[96.07x80.93x109.22]	849138.98	0.117	0.308	0.113	1229.90	472.86
PartType_162.STL	162	327184	6542	46657.05	138156.49	175.18	167.58	48.17	1414132.8	[90°,218°,270°]	[48.17x200.31x122.72]	1184169.88	0.117	0.216	0.078	2209.31	1657.60
PartType_163.STL	163	327184	6542	46657.05	138156.55	175.18	167.58	48.17	1414132.8	[0°,0°,52°]	[122.72x200.31x48.17]	1184170.34	0.117	0.221	0.084	2209.31	1525.01
PartType_164.STL	164	24784	494	7606.96	20653.37	105.49	30.13	18.78	59707.75	[0°,0°,0°]	[105.49x30.13x18.78]	59707.75	0.346	0.510	0.095	181.95	16.37
PartType_165.STL	165	178384	3566	23688.1	109011.76	60.08	59.84	113.35	407546.55	[90°,151°,0°]	[59.77x113.35x60.09]	407113.37	0.268	0.364	0.098	774.89	411.57
PartType_166.STL	166	24084	480	22993.83	69605.18	126.2	122.48	28	432858.45	[0°,0°,0°]	[126.20x122.48x28.00]	432858.45	0.161	0.259	0.086	158.57	44.60
PartType_167.STL	167	29984	598	35826.17	141127.89	80.86	137.46	86.26	958807.41	[0°,0°,0°]	[80.86x137.46x86.26]	958807.41	0.147	0.264	0.071	151.81	61.44
PartType_168.STL	168	105184	2102	19735.96	68703.46	63.99	64	49.25	201698.73	[3°,270°,183°]	[49.25x64.00x63.99]	201698.71	0.341	0.341	0.088	603.83	823.89
PartType_169.STL	169	63484	1268	9830.8	21976.18	44.35	47.63	110.62	233649.73	[0°,0°,0°]	[44.35x47.63x110.62]	233649.73	0.094	0.339	0.162	567.23	51.04
PartType_170.STL	170	41684	832	50445.15	211183	138.43	120.87	50.56	846079.58	[0°,0°,0°]	[138.43x120.87x50.56]	846079.58	0.250	0.343	0.157	198.74	149.26
PartType_171.STL	171	349684	6992	64200.95	218977.97	91	80.22	173.03	1263127.36	[87°,5°,90°]	[174.11x90.88x76.78]	1214921.87	0.180	0.336	0.071	2049.95	1640.89
PartType_172.STL	172	21684	432	8624.31	21975.9	66.87	67.06	13.63	61096.21	[0°,0°,0°]	[66.87x67.06x13.63]	61096.21	0.360	0.332	0.067	169.54	81.78
PartType_173.STL	173	105684	2112	25325.93	78581.25	63.99	63.99	67.46	276209.37	[0°,0°,0°]	[63.99x63.99x67.46]	276209.37	0.285	0.544	0.132	680.68	1115.30
PartType_174.STL	174	76684	1532	41370.22	193112.71	96.7	161.03	115	1790628.41	[0°,0°,0°]	[96.70x161.03x115.00]	1790628.41	0.108	0.370	0.210	328.20	116.29
PartType_175.STL	175	11684	232	19072.26	92280.74	104.13	47.23	26.3	129345.36	[0°,0°,0°]	[104.13x47.23x26.30]	129345.36	0.713	0.627	0.186	47.95	100.80
PartType_176.STL	176	7584	150	22530	104039.86	81.88	97.21	52.03	414098.99	[0°,0°,0°]	[81.88x97.21x52.03]	414098.99	0.251	0.437	0.169	32.48	112.27
PartType_177.STL	177	130984	2618	37460.3	117602.98	42.12	42.87	184.19	332628.91	[0°,0°,0°]	[42.12x42.87x184.19]	332628.91	0.354	0.650	0.097	833.92	234.92
PartType_178.STL	178	354884	7096	24269.92	64779.92	59.25	59.57	150.78	532205.3	[0°,0°,0°]	[59.25x59.57x150.78]	532205.3	0.122	0.516	0.143	2658.53	1858.46
PartType_179.STL	179	589884	11796	98793.84	277245.15	159.73	79.98	66.5	849532.64	[0°,0°,0°]	[159.73x79.98x66.50]	849532.64	0.326	0.194	0.099	4203.40	4154.61
PartType_180.STL	180	11884	236	38448.67	188032.66	92.64	115.21	72.79	776876.82	[0°,0°,0°]	[92.64x115.21x72.79]	776876.82	0.242	0.477	0.206	48.26	226.91
PartType_181.STL	181	19184	382	53570.17	351787.24	147.98	114.92	78.35	1332395.21	[0°,0°,0°]	[147.98x114.92x78.35]	1332395.21	0.264	0.306	0.102	58.17	136.01
PartType_182.STL	182	25184	502	7871.77	13350.32	60.31	47.43	9.66	27625.31	[0°,0°,0°]	[60.31x47.43x9.66]	27625.31	0.483	0.457	0.208	296.00	120.21
PartType_183.STL	183	25184	502	7871.77	13350.32	60.31	47.43	9.66	27625.31	[0°,0°,0°]	[60.31x47.43x9.66]	27625.31	0.483	0.440	0.201	296.00	114.89
PartType_184.STL	184	159884	3196	63758.18	142467.74	117.56	78.33	81.62	751604.95	[0°,0°,0°]	[117.56x78.33x81.62]	751604.95	0.190	0.202	0.065	1430.30	685.41
PartType_185.STL	185	46684	932	35238.16	67202.57	108.11	73.33	57.46	455554.28	[270°,180°,270°]	[57.46x108.11x73.33]	455554.26	0.148	0.231	0.076	488.70	170.51
PartType_186.STL	186	159884	3196	63758.18	142467.74	117.56	78.33	81.62	751604.95	[0°,0°,0°]	[117.56x78.33x81.62]	751604.95	0.190	0.205	0.069	1430.30	701.90
PartType_187.STL	187	46684	932	35238.16	67202.57	108.11	73.33	57.46	455554.25	[90°,90°,270°]	[57.46x73.33x108.11]	455554.22	0.148	0.228	0.077	488.70	182.86
PartType_188.STL	188	76684	1532	13692.5	37605.81	70.8	66.5	38.62	181807.97	[65°,270°,155°]	[66.50x38.62x70.80]	181807.95	0.207	0.309	0.125	557.81	232.84
PartType_189.STL	189	237484	4748	16142.25	31152.52	106.52	43	25.59	117198.96	[0°,0°,0°]	[106.52x43.00x25.59]	117198.96	0.266	0.322	0.149	2460.26	723.30
PartType_190.STL	190	30784	614	39491.21	188368.98	172.28	146.87	15.06	381084.62	[270°,343°,180°]	[147.07x15.06x147.24]	326150.51	0.578	0.568	0.156	128.72	58.98
PartType_191.STL	191	34084	680	43357.05	213888.25	172.01	148.41	15.06	384426.78	[180°,0°,94°]	[141.02x176.53x15.06]	374902.51	0.571	0.580	0.132	137.84	75.38
PartType_192.STL	192	60384	1206	75326.6	399688.09	170.1	153.93	56.73	1485185.18	[271°,90°,89°]	[56.73x153.93x170.10]	1485185.09	0.269	0.278	0.116	227.29	163.06
PartType_193.STL	193	46984	938	49953.02	243745.47	152.47	146.19	42.99	958190.67	[-7°,270°,353°]	[42.99x146.19x152.47]	958190.59	0.254	0.374	0.113	192.23	132.08
PartType_194.STL	194	33584	670	21603.82	79930.1	89.44	63.79	44.94	256394.19	[0°,0°,0°]	[89.44x63.79x44.94]	256394.19	0.312	0.443	0.161	181.09	203.03
PartType_195.STL	195	44784	894	38623.14	177829.93	136.1	155.27	23.38	494051.51	[0°,0°,0°]	[136.10x155.27x23.38]	494051.51	0.360	0.436	0.113	194.17	84.07
PartType_196.STL	196	170484	3408	24565.18	107335.19	52.5	115.41	32.57	197302.95	[0°,0°,0°]	[52.50x115.41x32.57]	197302.95	0.544	0.541	0.071	779.97	430.11
PartType_197.STL	197	510584	10210	37213.55	131413.01	59.57	59.25	150.14	529938.42	[0°,0°,0°]	[59.57x59.25x150.14]	529938.42	0.248	0.450	0.161	2891.27	4110.58
PartType_198.STL	198	60384	1206	75326.6	399688.13	153.93	170.1	56.73	1485185.26	[0°,0°,0°]	[153.93x170.10x56.73]	1485185.26	0.269	0.275	0.115	227.29	164.30
PartType_199.STL	199	9684	192	24961.76	89886.04	115.63	112.36	11.23	145962.09	[0°,0°,0°]	[115.63x112.36x11.23]	145962.09	0.616	0.420	0.111	53.32	98.07
PartType_200.STL	200	87684	1752	42140.47	166480.58	104.21	104.51	68.55	746520.84	[0°,0°,0°]	[104.21x104.51x68.55]	746520.84	0.223	0.268	0.091	443.48	447.78
PartType_201.STL	201	46984	938	49953.03	243745.46	152.47	146.19	42.99	958190.83	[0°,0°,0°]	[152.47x146.19x42.99]	958190.83	0.254	0.372	0.112	192.23	129.87
PartType_202.STL	202	16384	326	4789.84	9933.04	30.09	76.94	7.24	16762.39	[0°,0°,0°]	[30.09x76.94x7.24]	16762.39	0.593	0.554	0.078	157.20	16.98
PartType_203.STL	203	33584	670	21603.82	79930.1	89.44	63.79	44.94	256394.19	[0°,0°,0°]	[89.44x63.79x44.94]	256394.19	0.312	0.442	0.162	181.09	196.98
PartType_204.STL	204	44784	894	38623.14	177829.93	136.1	155.27	23.38	494051.47	[0°,0°,0°]	[136.10x155.27x23.38]	494051.47	0.360	0.442	0.115	194.17	88.21
PartType_205.STL	205	175584	3510	16517.48	58637.63	59.9	60.23	87.6	316058.68	[0°,0°,0°]	[59.90x60.23x87.60]	316058.68	0.186	0.364	0.115	988.72	461.42
PartType_206.STL	206	18884	376	41173.92	151185.12	124.24	159.25	11.34	224279.21	[80°,270°,80°]	[11.34x159.25x124.24]	224279.17	0.674	0.301	0.065	102.40	58.51
PartType_207.STL	207	41984	838	36733.18	101815.55	131.9	80.24	46.1	487931.84	[0°,0°,0°]	[131.90x80.24x46.10]	487931.84	0.209	0.311	0.115	302.33	89.83
PartType_208.STL	208	548284	10964	44772.38	259087.45	136.51	136.51	24.16	450160.14	[0°,0°,0°]	[136.51x136.51x24.16]	450160.14	0.576	0.738	0.136	1894.67	4579.16
PartType_209.STL	209	693184	13862	48486.84	287543.21	136.51	136.51	37.77	703919.66	[0°,0°,0°]	[136.51x136.51x37.77]	703919.66	0.409	0.710	0.168	2337.47	7383.62
PartType_210.STL	210	548284	10964	44772.38	259087.45	136.51	136.51	24.16	450160.16	[0°,0°,0°]	[136.51x136.51x24.16]	450160.16	0.576	0.726	0.138	1894.67	4695.42
PartType_211.STL	211	693284	13864	48483.72	287467.09	136.52	136.52	37.77	704012.71	[0°,0°,0°]	[136.52x136.52x37.77]	704012.71	0.408	0.698	0.169	2338.28	7330.23
PartType_212.STL	212	428384	8566	47451.3	206025.16	136.5	136.5	45.73	852071	[0°,0°,0°]	[136.50x136.50x45.73]	852071	0.242	0.361	0.079	1972.90	2610.93
PartType_213.STL	213	428384	8566	47451.3	206025.17	136.5	136.5	45.73	852071.05	[0°,0°,0°]	[136.50x136.50x45.73]	852071.05	0.242	0.355	0.073	1972.90	2588.77
PartType_214.STL	214	292084	5840	24962.27	191890.51	79.31	79.22	57.28	359885.38	[84°,270°,264°]	[57.28x79.22x79.31]	359885.37	0.533	0.776	0.128	759.70	2060.84
PartType_215.STL	215	93684	1872	5148.35	5494.78	79.31	79.22	4.18	26287.79	[0°,0°,0°]	[79.31x79.22x4.18]	26287.79	0.209	0.231	0.036	1753.98	105.29
PartType_216.STL	216	112484	2248	78774.57	303076.66	180.97	178.87	81.96	2652926.48	[270°,131°,270°]	[81.96x224.46x114.32]	2102902.76	0.144	0.300	0.109	584.29	311.78
PartType_217.STL	217	137784	2754	93954.49	299069.13	184.98	162.56	85.91	2583343.86	[180°,180°,118°]	[111.53x221.63x85.91]	2123632.94	0.141	0.278	0.091	865.19	446.85
PartType_218.STL	218	137784	2754	93954.49	299069.32	178.99	171.44	85.91	2636269.05	[90°,141°,180°]	[213.07x85.91x129.37]	2368167.54	0.126	0.221	0.073	865.19	433.26
PartType_219.STL	219	73484	1468	23476.28	111385.59	110.24	110.54	20.53	250112.56	[0°,0°,0°]	[110.24x110.54x20.53]	250112.56	0.445	0.824	0.145	309.40	237.57
PartType_220.STL	220	966384	19326	19131.91	21604.32	102.18	102.18	3.08	32158.83	[180°,180°,194°]	[102.16x102.16x3.08]	32146.03	0.672	1.000	0.000	17114.32	13821.06
PartType_221.STL	221	87884	1756	45070.18	137774.65	167.54	167.26	27.77	778246.83	[270°,217°,90°]	[27.77x113.21x212.54]	668248.64	0.206	0.207	0.052	574.44	118.19
PartType_222.STL	222	81284	1624	62006.48	462988.24	169.78	146	27.24	675216.67	[22°,90°,68°]	[146.00x27.24x169.78]	675216.6	0.686	0.652	0.148	217.50	245.85
PartType_223.STL	223	81384	1626	63138.28	478132.33	180.97	146	27.24	719821.67	[270°,180°,0°]	[180.97x27.24x146.00]	719821.6	0.664	0.684	0.133	214.72	207.75
PartType_224.STL	224	100984	2018	65890.86	451224	188.79	125.54	94.32	2235303.36	[0°,0°,0°]	[188.79x125.54x94.32]	2235303.36	0.202	0.506	0.177	294.68	213.59
PartType_225.STL	225	100884	2016	64771.57	436131.41	177.57	125.54	94.31	2102408.43	[90°,347°,270°]	[94.31x191.93x111.33]	2015234.98	0.216	0.512	0.176	299.40	247.42
PartType_226.STL	226	72884	1456	42296.43	253389.14	97.6	82.18	75.41	604824.13	[94°,90°,86°]	[75.41x82.18x97.60]	604824.12	0.419	0.327	0.083	243.04	652.48
PartType_227.STL	227	96084	1920	36132.34	116651.39	118.6	118.6	27.33	384352.36	[0°,0°,0°]	[118.60x118.60x27.33]	384352.36	0.304	0.193	0.048	594.71	205.16
PartType_228.STL	228	87684	1752	98753.29	547914.12	141.07	140.67	137.08	2720265.55	[0°,0°,0°]	[141.07x140.67x137.08]	2720265.55	0.201	0.264	0.096	315.77	718.46
PartType_229.STL	229	149984	2998	44090.07	247999.79	169.06	114.64	35.05	679347.53	[0°,0°,0°]	[169.06x114.64x35.05]	679347.53	0.365	0.596	0.180	532.99	310.04
PartType_230.STL	230	149984	2998	44090.07	247999.8	169.06	114.64	35.05	679347.56	[0°,0°,0°]	[169.06x114.64x35.05]	679347.56	0.365	0.613	0.174	532.99	307.11
PartType_231.STL	231	33984	678	59076.08	291070.03	170.28	167.91	37.89	1083411.25	[0°,0°,0°]	[170.28x167.91x37.89]	1083411.25	0.269	0.285	0.107	137.61	94.30
PartType_232.STL	232	33984	678	59049.51	290904.12	170.33	167.91	37.89	1083721.56	[0°,0°,0°]	[170.33x167.91x37.89]	1083721.56	0.268	0.291	0.105	137.62	93.29
PartType_233.STL	233	56384	1126	38855.63	212000.51	154.49	114.64	35.06	621002.66	[0°,0°,0°]	[154.49x114.64x35.06]	621002.66	0.341	0.600	0.196	206.37	115.41
PartType_234.STL	234	56384	1126	38855.63	212000.52	154.49	114.64	35.06	621002.69	[180°,180°,180°]	[154.49x114.64x35.06]	621002.66	0.341	0.617	0.193	206.37	120.48
PartType_235.STL	235	86184	1722	61478.61	314002.01	178.39	167.91	24.99	748453.85	[0°,0°,0°]	[178.39x167.91x24.99]	748453.85	0.420	0.379	0.109	337.15	163.66
PartType_236.STL	236	1651484	33028	22466.21	164356.44	148.29	74.58	50.63	560018.87	[85°,165°,93°]	[53.89x157.04x63.49]	537349.92	0.306	0.894	0.119	4514.66	31589.05
PartType_237.STL	237	1651484	33028	22466.21	164356.44	148.29	74.58	50.63	560018.87	[307°,162°,270°]	[53.33x151.56x67.80]	547949.17	0.300	0.888	0.121	4514.66	32358.00
PartType_238.STL	238	90884	1816	35485.75	139945.38	145.24	121.29	15.13	266428.24	[0°,0°,0°]	[145.24x121.29x15.13]	266428.24	0.525	0.349	0.083	460.48	152.25
PartType_239.STL	239	109384	2186	10932.3	28628.5	76.12	83.05	11.12	70326.76	[90°,33°,90°]	[11.12x67.49x77.38]	58090.98	0.493	0.393	0.136	834.76	189.28
PartType_240.STL	240	150284	3004	54364.14	366284.76	133.2	133.19	82.39	1461773.02	[0°,0°,0°]	[133.20x133.19x82.39]	1461773.02	0.251	0.454	0.150	445.85	582.60
PartType_241.STL	241	111684	2232	54415.08	403225.96	133.2	133.2	72.96	1294330.63	[0°,0°,0°]	[133.20x133.20x72.96]	1294330.63	0.312	0.466	0.151	301.21	481.32
PartType_242.STL	242	39784	794	49361.2	218594.84	120.69	106.96	100.13	1292623.15	[0°,0°,0°]	[120.69x106.96x100.13]	1292623.15	0.169	0.334	0.104	179.29	255.77
PartType_243.STL	243	1309884	26196	63279.51	243002.83	80.71	156.91	164.5	2083284.97	[162°,94°,107°]	[157.15x167.09x76.09]	1998086.51	0.122	0.267	0.077	6821.61	33681.42
PartType_244.STL	244	1309884	26196	63279.54	243002.87	80.71	156.91	164.5	2083284.97	[337°,94°,112°]	[157.22x167.03x76.36]	2005329.87	0.121	0.261	0.074	6821.61	31389.50
PartType_245.STL	245	121284	2424	81714.58	244650.93	131.9	173.66	51.53	1180376.17	[0°,0°,0°]	[131.90x173.66x51.53]	1180376.17	0.207	0.166	0.054	809.63	214.73
PartType_246.STL	246	6484	128	19988.58	75396.02	114.94	91.24	11.23	117814.47	[0°,0°,0°]	[114.94x91.24x11.23]	117814.47	0.640	0.599	0.188	33.93	71.83
PartType_247.STL	247	21884	436	40767.72	186068.22	170.31	149.61	15.08	384190.73	[0°,270°,270°]	[149.61x15.08x170.31]	384190.71	0.484	0.419	0.096	95.53	50.53
PartType_248.STL	248	18484	368	42165.08	205010.43	170.31	147.53	15.09	379188.09	[270°,295°,270°]	[15.09x153.44x160.85]	372465.87	0.550	0.502	0.125	75.69	59.73
PartType_249.STL	249	14384	286	32226.01	154776.3	118.48	160.57	15.07	286728.68	[0°,0°,0°]	[118.48x160.57x15.07]	286728.68	0.540	0.621	0.124	59.55	49.30
PartType_250.STL	250	13084	260	28797.62	133535.29	118.58	160.57	15.06	286761.6	[0°,0°,0°]	[118.58x160.57x15.06]	286761.6	0.466	0.590	0.150	56.07	36.96
PartType_251.STL	251	13084	260	28150.07	128662.66	108.42	160.57	15.06	262175.58	[0°,0°,0°]	[108.42x160.57x15.06]	262175.58	0.491	0.593	0.157	56.89	35.13
PartType_252.STL	252	14384	286	30967.1	145280.77	108.42	160.57	15.06	262203.52	[101°,90°,349°]	[160.57x15.06x108.42]	262203.49	0.554	0.603	0.134	60.96	43.79
PartType_253.STL	253	16484	328	36610.22	179156.21	118.48	160.57	15.06	286538.23	[0°,0°,0°]	[118.48x160.57x15.06]	286538.23	0.625	0.615	0.118	67.03	67.79
PartType_254.STL	254	16484	328	34703.52	164777.12	160.57	108.42	15.06	262203.53	[0°,0°,0°]	[160.57x108.42x15.06]	262203.53	0.628	0.607	0.123	69.08	61.21
PartType_255.STL	255	10084	200	31989.89	114165.12	182.98	115.06	11.23	236522.99	[0°,0°,0°]	[182.98x115.06x11.23]	236522.99	0.483	0.387	0.123	56.04	17.87
PartType_256.STL	256	10884	216	25646	84692.13	115.39	148.5	11.23	192497.93	[0°,0°,0°]	[115.39x148.50x11.23]	192497.93	0.440	0.371	0.122	65.41	26.91
PartType_257.STL	257	15884	316	59125.32	296034.42	167.58	185.12	15.06	467249.13	[0°,0°,0°]	[167.58x185.12x15.06]	467249.13	0.634	0.417	0.083	63.11	73.40
PartType_258.STL	258	12884	256	30362.79	114510.18	167.58	96.74	15.06	244161	[89°,270°,179°]	[96.74x15.06x167.58]	244160.99	0.469	0.308	0.117	67.88	20.89
PartType_259.STL	259	27484	548	58229.82	275099.14	172.09	170.21	15.05	440904.55	[0°,0°,0°]	[172.09x170.21x15.05]	440904.55	0.624	0.387	0.087	115.99	104.92
PartType_260.STL	260	22884	456	44133.58	193633.61	160.26	159.11	15.05	383830.84	[0°,0°,0°]	[160.26x159.11x15.05]	383830.84	0.505	0.364	0.110	103.93	75.17
PartType_261.STL	261	41984	838	36733.18	101815.55	131.9	80.24	46.1	487931.84	[0°,0°,0°]	[131.90x80.24x46.10]	487931.84	0.209	0.311	0.115	302.33	88.13
PartType_262.STL	262	16684	332	39022.08	187488.65	166.34	100.49	15.06	251762.3	[0°,0°,0°]	[166.34x100.49x15.06]	251762.3	0.745	0.581	0.135	69.10	60.10
PartType_263.STL	263	12484	248	35284.67	135555.11	114.94	162.85	11.33	212144.82	[0°,0°,0°]	[114.94x162.85x11.33]	212144.82	0.639	0.481	0.118	64.55	46.65
PartType_264.STL	264	85684	1712	49269.75	286113.06	153.4	102.72	22.96	361735.92	[0°,0°,0°]	[153.40x102.72x22.96]	361735.92	0.791	0.631	0.210	294.81	198.13
PartType_265.STL	265	132084	2640	6228.82	4836.24	80.16	12.36	19.2	19022.94	[180°,180°,90°]	[12.36x80.16x19.20]	19022.94	0.254	0.428	0.239	3400.18	188.89
PartType_266.STL	266	255184	5102	77236.36	253789	80	80	80	511999.98	[0°,0°,0°]	[80.00x80.00x80.00]	511999.98	0.496	0.962	0.046	732.64	4111.90
PartType_267.STL	267	97484	1948	18827.5	874.64	92.67	113.23	6.86	72012.06	[0°,0°,0°]	[92.67x113.23x6.86]	72012.06	0.012	0.199	0.103	41932.88	118.97
PartType_268.STL	268	8884	176	3555.46	5628.94	39.42	36.56	11.25	16214.2	[90°,71°,90°]	[11.25x35.50x37.79]	15095.61	0.373	0.385	0.165	111.17	151.14
PartType_269.STL	269	1037734	20753	88887.62	669753.42	105	135	135	1913624.92	[0°,0°,0°]	[105.00x135.00x135.00]	1913624.92	0.350	0.408	0.156	2754.27	12157.27
PartType_270.STL	270	7884	156	33993.99	169955.46	65.91	88.58	35.43	206861.31	[0°,0°,0°]	[65.91x88.58x35.43]	206861.31	0.822	0.437	0.238	31.20	470.33
PartType_271.STL	271	28884	576	7136.25	10127.62	46.5	60	6	16740	[0°,0°,0°]	[46.50x60.00x6.00]	16740	0.605	0.462	0.165	405.87	115.59
PartType_272.STL	272	886784	17734	111393.29	146389.63	122.47	122.48	87.5	1312517.12	[138°,69°,47°]	[105.03x103.05x113.27]	1225988.6	0.119	0.121	0.063	13494.46	12305.16
PartType_273.STL	273	382484	7648	97853.3	727372	174.75	118.11	175.73	3626853.19	[270°,0°,181°]	[173.92x176.05x118.11]	3616290.14	0.201	0.324	0.147	1028.88	2522.00
PartType_274.STL	274	185584	3710	49384.04	154206.04	65.91	88.58	35.43	206861.34	[180°,180°,180°]	[65.91x88.58x35.43]	206861.33	0.746	0.484	0.150	1188.12	1080.96
PartType_275.STL	275	199384	3986	32591.23	139738.46	65.91	88.58	35.44	206930.27	[0°,0°,0°]	[65.91x88.58x35.44]	206930.27	0.675	0.368	0.206	929.66	825.77
PartType_276.STL	276	15284	304	32417.08	67708.17	65.91	88.58	35.43	206861.33	[0°,0°,0°]	[65.91x88.58x35.43]	206861.33	0.327	0.177	0.071	145.55	171.16
PartType_277.STL	277	2281184	45622	19730.96	18884.48	82.93	69.76	31.83	184157.39	[0°,0°,0°]	[82.93x69.76x31.83]	184157.39	0.103	0.241	0.116	47666.95	63761.59
PartType_278.STL	278	26884	536	49694.66	74059.9	65.91	88.58	35.43	206861.38	[37°,270°,217°]	[35.43x88.58x65.91]	206861.37	0.358	0.238	0.103	359.66	425.36
PartType_279.STL	279	11284	224	36437.76	76426.52	65.91	88.58	35.43	206861.32	[0°,0°,0°]	[65.91x88.58x35.43]	206861.32	0.370	0.224	0.079	106.80	346.98
PartType_280.STL	280	449484	8988	14622.68	17551.76	74.98	67.54	32.76	165902.99	[0°,0°,0°]	[74.98x67.54x32.76]	165902.99	0.106	0.325	0.150	7488.06	2419.66
PartType_281.STL	281	276584	5530	13296.43	14214.83	74.98	69.7	20.68	108055.83	[0°,0°,0°]	[74.98x69.70x20.68]	108055.83	0.132	0.271	0.143	5172.71	1028.17
PartType_282.STL	282	11984	238	38709.48	86982.43	65.91	88.58	35.43	206861.36	[0°,0°,0°]	[65.91x88.58x35.43]	206861.36	0.421	0.329	0.161	105.92	326.74
PartType_283.STL	283	620084	12400	19201.79	103004.13	64.38	123.01	104.67	828951.32	[273°,350°,184°]	[65.60x100.25x118.76]	781006.92	0.132	0.542	0.234	2311.58	7105.12
PartType_284.STL	284	684484	13688	26030.78	103765.35	97.78	135.35	147.31	1949500.36	[332°,153°,282°]	[123.78x77.71x138.02]	1327700.86	0.078	0.384	0.193	3433.80	7511.70
PartType_285.STL	285	290284	5804	3925.25	11552.88	62.67	20.42	38.37	49110.07	[34°,275°,34°]	[36.87x20.46x63.92]	48211.23	0.240	0.780	0.217	1971.99	1161.38
PartType_286.STL	286	1702284	34044	3203.03	4471.23	87.66	35.7	9.5	29742.66	[1°,179°,112°]	[32.33x87.89x9.47]	26907.28	0.166	0.799	0.200	24387.94	42616.90
PartType_287.STL	287	28384	566	26046.59	128398	166.33	69.29	138.21	1592773.47	[71°,108°,122°]	[155.35x65.39x151.60]	1540004.85	0.081	0.842	0.190	114.82	57.82
PartType_288.STL	288	28384	566	2327.84	4890.75	66.46	20.79	25.49	35217.42	[205°,178°,179°]	[66.55x18.84x24.03]	30130.89	0.162	0.916	0.160	269.40	21.44
PartType_289.STL	289	28384	566	2349.55	4891.07	66.58	20.79	22.13	30626.26	[180°,74°,46°]	[18.21x18.39x68.10]	22800.29	0.215	0.896	0.175	271.89	20.96
PartType_290.STL	290	1713384	34266	31155.46	131360.73	154.24	117.82	151.15	2746770.39	[211°,45°,133°]	[161.29x91.74x121.02]	1790772.04	0.073	0.297	0.176	8127.03	54684.79
PartType_291.STL	291	2753084	55060	6502.7	4198.05	52.68	61.61	62.15	201744.81	[0°,0°,0°]	[52.68x61.61x62.15]	201744.81	0.021	0.203	0.139	85286.87	139167.42
PartType_292.STL	292	1984984	39698	14381.42	66760.98	53.17	131	89.14	620906.59	[294°,102°,155°]	[131.78x87.59x41.42]	478032.82	0.140	0.514	0.218	8551.60	53200.64
PartType_293.STL	293	283084	5660	7752.24	28860.94	106.18	46.29	35.14	172728.91	[270°,358°,264°]	[35.04x106.22x45.87]	170724.3	0.169	0.714	0.217	1520.31	1135.65
PartType_294.STL	294	185984	3718	7732.59	4796.71	13.27	18.34	68.77	16729.39	[0°,0°,0°]	[13.27x18.34x68.77]	16729.39	0.287	0.790	0.160	5993.64	389.33
PartType_295.STL	295	37484	748	3775.13	3306.03	24.72	34.41	17.68	15039.54	[270°,0°,270°]	[17.68x24.72x34.41]	15039.54	0.220	0.292	0.152	854.13	229.42
PartType_296.STL	296	1900584	38010	9139.35	12519	77.91	23.49	23.49	42999.54	[0°,0°,0°]	[77.91x23.49x23.49]	42999.54	0.291	0.769	0.152	6688.49	75571.32
PartType_297.STL	297	518884	10376	22865.25	30162.17	89.99	89.92	15	121380.11	[0°,0°,0°]	[89.99x89.92x15.00]	121380.11	0.249	0.146	0.023	7865.81	2991.72
PartType_298.STL	298	674184	13482	14053.05	42064.12	97.21	178.26	58.98	1022061.1	[39°,86°,37°]	[186.34x53.51x96.94]	966684.15	0.044	0.332	0.167	4504.15	9210.34
PartType_299.STL	299	1175484	23508	6805.52	10936.56	65.05	104.37	47.36	321569.43	[25°,-7°,121°]	[95.14x65.61x39.60]	247158.1	0.044	0.257	0.150	14628.38	22424.93
PartType_300.STL	300	376084	7520	10810.61	17102.26	95.92	115.66	41.84	464174.71	[298°,270°,208°]	[115.66x41.84x95.92]	464174.71	0.037	0.159	0.129	4753.51	2115.80
PartType_301.STL	301	464384	9286	15748.09	27461.8	136.19	136.15	47.55	881604.97	[0°,0°,0°]	[136.19x136.15x47.55]	881604.97	0.031	0.177	0.143	5325.10	3364.85
PartType_302.STL	302	3926784	78534	5573.18	6049.19	67.74	72	31.59	154076.31	[0°,0°,0°]	[67.74x72.00x31.59]	154076.31	0.039	0.191	0.117	72354.11	236336.32
PartType_303.STL	303	784784	15694	46785.33	275127.38	91.7	136.51	49.1	614595.6	[0°,213°,180°]	[81.90x136.51x52.37]	585554.81	0.470	0.821	0.172	2668.76	9540.82
PartType_304.STL	304	361884	7236	121505.26	626468.17	180	135	105	2551499.99	[0°,0°,0°]	[180.00x135.00x105.00]	2551499.99	0.246	0.462	0.203	1403.44	2497.07
PartType_305.STL	305	361884	7236	121505.26	909427.42	164.51	180	119.06	3525756.54	[0°,293°,0°]	[105.20x180.00x135.35]	2562933.5	0.355	0.518	0.208	966.78	2518.69
PartType_306.STL	306	371084	7420	7180.32	3225.25	18.72	61.46	35.78	41162.02	[0°,0°,0°]	[18.72x61.46x35.78]	41162.02	0.078	0.482	0.246	16519.02	1730.82
PartType_307.STL	307	1831584	36630	11535.92	6741.62	45.3	56.39	32.48	82964.16	[62°,57°,115°]	[30.07x56.62x47.11]	80204.91	0.084	0.722	0.123	62679.38	59440.93
PartType_308.STL	308	2051384	41026	12238.1	10583.92	73.36	46.36	72.96	248138.48	[0°,0°,0°]	[73.36x46.36x72.96]	248138.48	0.043	0.348	0.193	47438.03	89931.28
PartType_309.STL	309	1669984	33398	19298.06	4888	88.21	44.73	92.34	364334.6	[225°,129°,296°]	[62.00x40.48x108.75]	272980.61	0.013	0.761	0.176	131856.92	53754.22
PartType_310.STL	310	2288984	45778	13445.27	46592.53	51.01	124.35	35.42	224623.05	[135°,91°,227°]	[32.74x125.20x51.01]	209088.62	0.223	0.534	0.140	13210.22	92614.75
PartType_311.STL	311	706984	14138	16144.28	12633.19	106.37	88.46	39.12	368139.09	[269°,178°,266°]	[39.17x107.18x86.97]	365113.34	0.035	0.211	0.135	18067.32	9701.81
PartType_312.STL	312	2449534	48989	3951.33	3923.46	22.18	59.95	33.56	44612.39	[78°,280°,-11°]	[59.13x32.54x22.38]	43067.33	0.091	0.492	0.214	49336.88	113854.14
PartType_313.STL	313	712684	14252	3439.56	6274.53	29.94	30.76	29.58	27240.13	[51°,323°,175°]	[28.06x30.89x24.44]	21183.93	0.296	0.565	0.178	7812.64	6468.17
PartType_314.STL	314	419884	8396	39604.22	159818.67	74.04	106.61	52.11	411331.83	[0°,0°,0°]	[74.04x106.61x52.11]	411331.83	0.389	0.600	0.220	2080.59	2875.97
PartType_315.STL	315	220384	4406	43341.05	473316.7	109.51	115.32	124.04	1566514.13	[43°,0°,183°]	[108.48x116.62x116.32]	1471583.28	0.322	0.932	0.121	403.45	1228.03
PartType_316.STL	316	3717584	74350	126714.64	274077.44	103.47	103.47	125.11	1339375.05	[277°,45°,264°]	[128.52x97.77x99.16]	1246046.95	0.220	0.535	0.183	34374.35	295827.41
PartType_317.STL	317	2509584	50190	41513.86	582465.92	102.55	106	96.06	1044139	[0°,179°,182°]	[103.23x103.05x95.68]	1017852.9	0.572	0.894	0.082	3577.17	98445.33
PartType_318.STL	318	743684	14872	16525.19	104571	58.72	58.08	59.02	201291.83	[212°,274°,312°]	[57.83x58.82x58.54]	199120.35	0.525	1.000	0.000	2350.20	10443.78
PartType_319.STL	319	1042884	20856	1544.27	9782.38	58.5	20.25	58.5	69315.02	[0°,0°,0°]	[58.50x20.25x58.50]	69315.02	0.141	0.139	0.051	3292.37	11972.20
PartType_320.STL	320	1099684	21992	45906.76	19479.42	112.72	113.48	75.61	967141.9	[0°,0°,0°]	[112.72x113.48x75.61]	967141.9	0.020	0.200	0.138	51828.11	19244.83
PartType_321.STL	321	263284	5264	31064.22	55564.33	101.04	64.19	36.56	237088.84	[0°,0°,0°]	[101.04x64.19x36.56]	237088.84	0.234	0.215	0.077	2942.93	1240.55
PartType_322.STL	322	246034	4919	4073.15	6363.82	120.38	16.13	8.55	16597.56	[185°,270°,5°]	[8.55x16.13x120.38]	16597.56	0.383	0.989	0.035	3148.39	776.93
PartType_323.STL	323	389684	7792	16842.38	95551	99.44	94.03	82.37	770184.75	[82°,299°,77°]	[81.21x86.81x99.28]	699924.88	0.124	0.107	0.050	1373.46	3148.92
PartType_324.STL	324	364634	7291	59378.7	210642.87	95.16	154.37	94.39	1386542.11	[174°,334°,92°]	[159.97x78.85x85.88]	1083215.96	0.195	0.399	0.101	2055.28	2209.72
PartType_325.STL	325	434584	8690	103422.11	128851.81	110.4	98.4	181.5	1971542.96	[166°,191°,117°]	[99.19x97.94x188.20]	1828208.31	0.071	0.712	0.154	6974.98	2522.84
PartType_326.STL	326	3821184	76422	40904.33	24685	118.36	118.69	65.76	923768.25	[0°,0°,0°]	[118.36x118.69x65.76]	923768.25	0.027	0.306	0.060	126635.23	234349.44
PartType_327.STL	327	200684	4012	9076.17	5930	50.39	25.2	17.62	22371.7	[269°,90°,1°]	[25.20x17.62x50.39]	22371.7	0.265	0.227	0.135	6140.57	694.32
PartType_328.STL	328	119284	2384	3826.57	5611.21	20.14	75.99	20.14	30831.89	[122°,270°,212°]	[75.99x20.14x20.14]	30831.89	0.182	0.226	0.033	1625.77	169.68
PartType_329.STL	329	484	8	35501.79	173812.99	182.71	158.23	12.02	347625.99	[0°,0°,0°]	[182.71x158.23x12.02]	347625.99	0.500	1.000	0.000	1.63	48.99
PartType_330.STL	330	3684	72	82629.03	276455.23	182.71	158.23	153.81	4446836.6	[324°,226°,88°]	[132.87x135.24x131.43]	2361639.36	0.117	0.311	0.130	21.52	194.16
PartType_331.STL	331	46784	934	9373.09	8777.99	22.16	12.68	94.5	26547.81	[0°,180°,198°]	[24.38x10.52x94.50]	24244.72	0.362	0.530	0.203	997.32	36.48
PartType_332.STL	332	22884	456	1998.31	5063.12	29.28	29.28	11.1	9516.53	[0°,0°,0°]	[29.28x29.28x11.10]	9516.53	0.532	0.943	0.052	179.97	353.43
PartType_333.STL	333	224784	4494	8035.65	34792.66	29.28	29.28	58.5	50154.67	[0°,0°,0°]	[29.28x29.28x58.50]	50154.67	0.694	0.969	0.054	1037.93	788.34
PartType_334.STL	334	255184	5102	8037.66	34796.49	29.28	29.28	58.5	50154.67	[0°,0°,0°]	[29.28x29.28x58.50]	50154.67	0.694	0.969	0.054	1178.51	967.84
PartType_335.STL	335	308634	6171	8039.41	34797.24	29.28	29.28	58.5	50154.67	[0°,0°,0°]	[29.28x29.28x58.50]	50154.67	0.694	0.969	0.054	1425.72	1345.08
PartType_336.STL	336	13884	276	1700.95	3421.84	29.28	29.28	6	5144.07	[0°,0°,0°]	[29.28x29.28x6.00]	5144.07	0.665	0.992	0.026	137.20	244.45
PartType_337.STL	337	107184	2142	12369.13	37091.11	54.19	41.29	74.89	167599.62	[151°,270°,228°]	[36.15x81.87x54.19]	160394.54	0.231	0.648	0.167	714.31	231.09
PartType_338.STL	338	1284	24	819.78	1602.14	9	18.44	18.62	3089.8	[232°,180°,270°]	[15.52x9.00x15.12]	2111.91	0.759	1.000	0.000	12.28	391.82
PartType_339.STL	339	671934	13437	2005.3	3361.36	16.26	15.76	80.05	20507.3	[0°,0°,0°]	[16.26x15.76x80.05]	20507.3	0.164	0.621	0.273	8016.15	7621.75
PartType_340.STL	340	1264084	25280	104553.12	96896.5	160.76	157.17	141.92	3585716.67	[234°,174°,139°]	[134.27x134.00x134.16]	2413913.08	0.040	0.405	0.111	27277.59	23274.38
PartType_341.STL	341	1899684	37992	45670.51	226265.12	139.9	165.75	35.17	815664.54	[53°,270°,143°]	[165.75x35.17x139.90]	815664.5	0.277	0.627	0.217	7668.50	54813.64
PartType_342.STL	342	685684	13712	10535.07	3543.58	29.27	69.81	29.27	59821.06	[0°,0°,0°]	[29.27x69.81x29.27]	59821.06	0.059	0.176	0.054	40765.78	6989.80
PartType_343.STL	343	41484	828	3389.04	1341.82	23.4	40.91	30.25	28959.39	[0°,0°,0°]	[23.40x40.91x30.25]	28959.39	0.046	0.193	0.087	2091.28	61.01
PartType_344.STL	344	727084	14540	13923.84	4885.48	29.27	69.81	32.62	66660.09	[0°,0°,0°]	[29.27x69.81x32.62]	66660.09	0.073	0.238	0.080	41439.65	7882.42
PartType_345.STL	345	1094984	21898	40791.19	49255.06	120.64	49.88	50	300856.24	[249°,180°,180°]	[120.64x49.88x49.99]	300828.1	0.164	0.078	0.057	18135.10	18156.18
PartType_346.STL	346	1562984	31258	11948.46	28523.54	20.16	160	43.12	139125.1	[180°,0°,87°]	[160.14x15.25x43.12]	105334.73	0.271	0.938	0.139	13093.92	32204.64
PartType_347.STL	347	2351	12	13098.78	96543.54	66.72	34.35	42.12	96543.54	[0°,0°,0°]	[66.72x34.35x42.12]	96543.54	1.000	1.000	0.000	1.63	573.09
PartType_348.STL	348	1184	22	12990.04	83579.53	66.72	34.35	42.12	96543.54	[0°,0°,0°]	[66.72x34.35x42.12]	96543.54	0.866	1.000	0.000	3.42	572.60
PartType_349.STL	349	216784	4334	31979.57	24487.21	178.24	82.51	17.05	250782.74	[0°,0°,0°]	[178.24x82.51x17.05]	250782.74	0.098	0.140	0.043	5660.08	674.39
PartType_350.STL	350	494484	9888	88766.84	199518.55	165.6	93.75	118.27	1836043.05	[0°,0°,0°]	[165.60x93.75x118.27]	1836043.05	0.109	0.153	0.063	4399.22	4094.63
PartType_351.STL	351	505984	10118	90138.59	422038.65	119.17	119.96	139.58	1995317.46	[0°,0°,0°]	[119.17x119.96x139.58]	1995317.46	0.212	0.271	0.123	2160.99	4411.42
PartType_352.STL	352	162884	3256	29600.3	43602.7	80	80	64	409599.92	[90°,173°,90°]	[64.00x79.98x79.98]	409364.1	0.107	0.144	0.068	2210.38	520.96
PartType_353.STL	353	900884	18016	27042.62	59008.88	117.44	117.44	19.68	271429.56	[270°,79°,0°]	[117.43x19.68x117.44]	271418.65	0.217	0.250	0.046	8256.38	15165.91
PartType_354.STL	354	552284	11044	28508.18	73502.31	39.99	56	116.99	262023.73	[0°,0°,0°]	[39.99x56.00x116.99]	262023.73	0.281	0.341	0.093	4283.46	4480.16
PartType_355.STL	355	743584	14870	6738.53	2572.97	57.4	33.66	16.94	32728.86	[0°,0°,0°]	[57.40x33.66x16.94]	32728.86	0.079	0.195	0.107	38944.15	8754.59
PartType_356.STL	356	2098284	41964	11396.03	4400.84	28.54	28.54	39.33	32034.87	[0°,0°,0°]	[28.54x28.54x39.33]	32034.87	0.137	0.156	0.056	108666.35	83911.52
PartType_357.STL	357	2086184	41722	83559.51	503715.53	118.4	126	138.64	2068227.27	[0°,0°,0°]	[118.40x126.00x138.64]	2068227.27	0.244	0.343	0.116	6921.11	71803.20
PartType_358.STL	358	363084	7260	92457.11	664911.01	169.58	169.58	80	2300571.66	[0°,0°,0°]	[169.58x169.58x80.00]	2300571.66	0.289	0.327	0.070	1009.52	2468.86
PartType_359.STL	359	272534	5449	53047.34	113277.25	65.47	142.46	132.15	1232567.71	[256°,90°,185°]	[139.75x130.67x65.47]	1195527.45	0.095	0.181	0.069	2551.75	1128.22
PartType_360.STL	360	53684	1072	2598.69	1320.37	66.08	17.11	20.49	23168.7	[273°,11°,183°]	[68.25x20.21x13.24]	18254.89	0.072	0.310	0.162	2109.86	34.58
PartType_361.STL	361	68784	1374	33412.55	87655.01	88.73	80.92	131.85	946730.4	[15°,22°,321°]	[111.72x49.78x140.61]	782077.43	0.112	0.219	0.081	523.74	120.47
PartType_362.STL	362	3884	76	1854.57	3034.42	6.9	6.9	82.5	3927.82	[0°,0°,0°]	[6.90x6.90x82.50]	3927.82	0.773	1.000	0.000	46.45	3.51
PartType_363.STL	363	68684	1372	8601.8	12780.69	27.52	57.33	24.05	37932.57	[0°,0°,0°]	[27.52x57.33x24.05]	37932.57	0.337	0.281	0.089	923.40	161.98
PartType_364.STL	364	137584	2750	10203.12	8668.05	60.4	60.03	20.73	75179.13	[0°,0°,0°]	[60.40x60.03x20.73]	75179.13	0.115	0.176	0.076	3237.01	395.03
PartType_365.STL	365	240084	4800	10156.34	26067.29	72.92	72.92	20	106345.93	[180°,0°,164°]	[72.91x72.90x20.00]	106304.22	0.245	0.315	0.066	1870.18	699.40
PartType_366.STL	366	96884	1936	7828.2	4296.04	35.9	56.4	13.2	26726.74	[0°,0°,0°]	[35.90x56.40x13.20]	26726.74	0.161	0.397	0.222	3527.76	193.94
PartType_367.STL	367	1507884	30156	26216.7	18054.21	24.05	65.68	21.01	33176.38	[0°,0°,0°]	[24.05x65.68x21.01]	33176.38	0.544	0.836	0.170	43789.82	30822.46
PartType_368.STL	368	354084	7080	3212.98	17114.15	32	32	32	32768.01	[184°,93°,192°]	[31.96x31.99x31.96]	32671.46	0.524	1.000	0.000	1329.19	2632.14
PartType_369.STL	369	96784	1934	14521.13	31081.22	40	40	65	104000	[180°,180°,90°]	[40.00x40.00x65.00]	104000	0.299	0.238	0.095	903.56	284.21
PartType_370.STL	370	576484	11528	4010.4	4012.43	11.7	56.54	12.17	8050.8	[0°,95°,90°]	[56.54x12.13x11.66]	7991.58	0.502	0.519	0.244	11522.18	5480.20
PartType_371.STL	371	1094984	21898	40791.19	49255.06	120.64	49.88	50	300856.24	[204°,270°,238°]	[49.99x49.87x120.64]	300774.36	0.164	0.078	0.057	18135.10	17982.68
PartType_372.STL	372	329834	6595	14586.45	27635.94	126.52	57.84	37.04	271019.41	[271°,358°,0°]	[126.61x37.17x56.02]	263654.05	0.105	0.147	0.054	3480.89	1504.63
PartType_373.STL	373	1046284	20924	26084.69	72421.4	141.09	68.8	45	436822.72	[209°,1°,264°]	[68.60x140.03x42.13]	404703	0.179	0.345	0.107	7536.39	14601.19
PartType_374.STL	374	2301784	46034	12613.23	30652.37	85.58	49.96	26.75	114365.45	[135°,266°,135°]	[25.52x50.22x85.33]	109344.77	0.280	0.899	0.123	18942.66	78149.68
PartType_375.STL	375	2519984	50398	12978.04	5553.02	69.99	31.24	43.48	95067.89	[231°,82°,217°]	[30.18x45.01x67.31]	91447.28	0.061	0.290	0.137	117785.77	118017.42
PartType_376.STL	376	201484	4028	130836.75	223360.46	140	118	146	2411920.31	[0°,29°,90°]	[118.00x139.70x141.88]	2338957.86	0.096	0.113	0.046	2359.46	1042.25
PartType_377.STL	377	715984	14318	14801.39	3762.29	60.49	76.63	13.54	62757.45	[3°,88°,270°]	[76.98x8.11x60.70]	37886.27	0.099	0.068	0.014	56329.04	7762.21
PartType_378.STL	378	1048984	20978	10465.63	17594.95	68.65	28.62	25.61	50318.68	[124°,178°,93°]	[26.25x69.03x27.22]	49323.26	0.357	0.763	0.197	12477.90	18126.11
PartType_379.STL	379	1504884	30096	16411.29	26967.72	33.74	91.09	25.65	78829.1	[90°,0°,1°]	[33.73x25.47x91.09]	78258.37	0.345	0.467	0.150	18315.01	36468.54
PartType_380.STL	380	132734	2653	3557.15	4086.82	53.31	69.31	4.33	15997.16	[0°,0°,0°]	[53.31x69.31x4.33]	15997.16	0.256	0.374	0.121	2309.16	175.42
PartType_381.STL	381	160784	3214	4011.42	4624.32	58.18	73.1	4.33	18417.2	[0°,180°,236°]	[69.61x30.43x4.33]	9171.14	0.504	0.348	0.117	2788.02	254.94
PartType_382.STL	382	5084	100	63492.93	182852.74	99	171	54.56	923564.06	[0°,0°,0°]	[99.00x171.00x54.56]	923564.06	0.198	0.676	0.268	34.72	111.62
PartType_383.STL	383	3210684	64212	13680.55	5313.96	35.97	80.46	36.11	104489.57	[188°,230°,120°]	[84.53x44.45x26.09]	98043.83	0.054	0.287	0.135	165311.02	129340.80
PartType_384.STL	384	1233884	24676	3764.58	1233.27	40.86	35.49	22.16	32142.59	[88°,216°,206°]	[31.12x14.67x41.89]	19125.61	0.065	0.391	0.187	75324.22	20850.06
PartType_385.STL	385	894884	17896	3517.92	1166.92	39.05	30.54	31.77	37886.61	[236°,159°,52°]	[12.37x40.98x35.22]	17854.86	0.065	0.491	0.193	53951.11	9649.05
PartType_386.STL	386	162684	3252	2530.46	2138.57	18	13.54	51.56	12562.49	[338°,270°,338°]	[51.56x13.54x18.00]	12562.49	0.170	0.288	0.085	3847.92	336.07
PartType_387.STL	387	145684	2912	9950.32	23506.76	30	30	80.43	72376.35	[270°,304°,0°]	[29.45x80.43x29.45]	69741.99	0.337	0.133	0.018	1232.64	248.74
PartType_388.STL	388	338884	6776	43431.19	197884.61	113.17	78	96.8	854494.28	[90°,180°,180°]	[113.17x96.80x78.00]	854494.25	0.232	0.344	0.104	1487.18	1484.82
PartType_389.STL	389	1862484	37248	68633.55	69153	117.08	79.87	72.7	679831.7	[153°,258°,244°]	[82.00x65.46x116.68]	626275.41	0.102	0.139	0.070	36968.21	61814.32
PartType_390.STL	390	1984584	39690	129460.5	328750.28	169.96	170.02	86.61	2502791.45	[0°,0°,0°]	[169.96x170.02x86.61]	2502791.45	0.131	0.141	0.061	15629.76	54364.91
PartType_391.STL	391	952484	19048	25879.44	33839.19	78.75	78.75	39.37	244186.45	[90°,172°,270°]	[39.37x78.69x78.81]	244171.98	0.139	0.141	0.046	14567.48	12068.77
PartType_392.STL	392	1440084	28800	209031.93	152052.84	119.64	119.64	119.64	1712410.06	[353°,270°,141°]	[118.50x119.45x119.64]	1693392.44	0.090	0.584	0.190	39592.29	48630.47
PartType_393.STL	393	1008084	20160	141602.15	97192.14	121.35	121.98	121.44	1797587.75	[288°,15°,108°]	[121.37x121.05x121.22]	1780930.32	0.055	0.127	0.049	29371.71	34593.59
PartType_394.STL	394	1024484	20488	75332.19	38574.94	148.35	171.3	139.86	3554115.17	[129°,336°,63°]	[121.84x121.84x121.61]	1805421.78	0.021	0.028	0.014	40010.59	8917.70
PartType_395.STL	395	1032084	20640	183999.9	152763.16	167.77	167.77	167.77	4722427.97	[180°,302°,0°]	[167.01x167.77x158.46]	4440033.93	0.034	0.028	0.014	24860.43	11966.19
PartType_396.STL	396	1045684	20912	12224.78	23887.45	91.48	87.23	41.09	327871.92	[109°,132°,64°]	[17.40x116.15x56.45]	114066.01	0.209	0.500	0.177	10702.05	16870.81
PartType_397.STL	397	164584	3290	7600.16	16566.64	86.71	42.03	40.2	146496.68	[261°,177°,346°]	[89.84x24.54x42.68]	94114.46	0.176	0.589	0.185	1509.33	381.27
PartType_398.STL	398	835284	16704	70711	12665.83	159.01	159.01	159.09	4022253	[113°,90°,337°]	[159.01x159.09x159.01]	4022252.71	0.003	0.008	0.005	93255.34	16369.91
PartType_399.STL	399	784	14	1081.02	2433.02	12	14.4	19.2	3317.76	[0°,0°,0°]	[12.00x14.40x19.20]	3317.76	0.733	1.000	0.000	6.22	501.43
PartType_400.STL	400	284	4	1110.98	1032.19	26.4	9.6	33.6	8515.58	[218°,313°,209°]	[39.79x6.35x23.58]	5957.51	0.173	1.000	0.004	4.31	63.87
PartType_401.STL	401	584	10	1005.66	1658.88	7.2	9.6	28.8	1990.66	[0°,0°,0°]	[7.20x9.60x28.80]	1990.66	0.833	1.000	0.000	6.06	59.59
PartType_402.STL	402	884	16	979.84	1723.39	7.2	9.6	38.4	2654.21	[0°,0°,0°]	[7.20x9.60x38.40]	2654.21	0.649	1.000	0.000	9.10	14.91
PartType_403.STL	403	984	18	999.9	1843.2	9.6	19.2	24	4423.68	[0°,0°,0°]	[9.60x19.20x24.00]	4423.68	0.417	1.000	0.000	9.76	189.22
PartType_404.STL	404	484	8	1102.44	2032.13	14.4	16.8	16.8	4064.26	[0°,0°,0°]	[14.40x16.80x16.80]	4064.26	0.500	1.000	0.000	4.34	1165.81
PartType_405.STL	405	834	15	1272.5	2108.16	14.4	24	21.6	7464.96	[0°,0°,0°]	[14.40x24.00x21.60]	7464.96	0.282	0.766	0.226	9.05	212.21
PartType_406.STL	406	131284	2624	916.69	309.96	10.5	40.32	4.2	1778.68	[0°,0°,0°]	[10.50x40.32x4.20]	1778.68	0.174	0.297	0.099	7760.43	163.03
PartType_407.STL	407	94284	1884	1281.96	441.2	11.7	48.93	5.09	2916.54	[0°,0°,0°]	[11.70x48.93x5.09]	2916.54	0.151	0.371	0.139	5474.19	83.03
PartType_408.STL	408	94284	1884	1281.96	441.2	11.7	48.93	5.09	2916.54	[0°,0°,0°]	[11.70x48.93x5.09]	2916.54	0.151	0.367	0.138	5474.19	82.25
PartType_409.STL	409	70084	1400	857.99	204.64	11.7	48.93	0.6	343.49	[0°,0°,0°]	[11.70x48.93x.60]	343.49	0.596	0.328	0.121	5869.86	45.78
PartType_410.STL	410	47484	948	319.57	137.65	9.35	10.5	4.66	457.22	[0°,0°,0°]	[9.35x10.50x4.66]	457.22	0.301	0.516	0.179	2200.89	351.36
PartType_411.STL	411	47484	948	319.57	137.65	9.35	10.5	4.66	457.22	[0°,0°,0°]	[9.35x10.50x4.66]	457.22	0.301	0.516	0.179	2200.89	340.41
PartType_412.STL	412	413084	8260	3681.22	926.86	50.14	45.99	3.6	8301.6	[0°,0°,0°]	[50.14x45.99x3.60]	8301.6	0.112	0.194	0.085	32806.22	2637.25
PartType_413.STL	413	313684	6272	3770.96	1020.4	51.58	45.99	5.1	12098.35	[0°,0°,0°]	[51.58x45.99x5.10]	12098.35	0.084	0.209	0.101	23178.67	1139.62
PartType_414.STL	414	104384	2086	1291.11	373.05	45.86	22.5	3.6	3714.38	[0°,0°,0°]	[45.86x22.50x3.60]	3714.38	0.100	0.352	0.098	7219.56	106.07
PartType_415.STL	415	67884	1356	540.48	126.95	12	23.76	1.2	342.08	[270°,90°,0°]	[23.76x1.20x12.00]	342.08	0.371	0.288	0.115	5773.01	56.14
PartType_416.STL	416	40984	818	469.75	110.74	12	23.76	1.2	342.08	[270°,90°,90°]	[1.20x23.76x12.00]	342.08	0.324	0.318	0.113	3469.92	26.90
PartType_417.STL	417	104484	2088	815.69	209.95	15.07	24.65	3.02	1121.09	[270°,180°,0°]	[15.07x3.02x24.65]	1121.09	0.187	0.247	0.093	8112.06	131.44
PartType_418.STL	418	89084	1780	3047.42	1202.68	52.01	60.25	4.5	14100.85	[0°,0°,0°]	[52.01x60.25x4.50]	14100.85	0.085	0.324	0.153	4510.26	79.32
PartType_419.STL	419	24284	484	795.44	245.62	52.95	3	3	476.55	[0°,0°,0°]	[52.95x3.00x3.00]	476.55	0.515	0.547	0.124	1567.44	8.05
PartType_420.STL	420	131884	2636	4038.38	1232.09	11.64	67.5	7.5	5892.75	[0°,0°,0°]	[11.64x67.50x7.50]	5892.75	0.209	0.584	0.115	8639.91	181.94
PartType_421.STL	421	606484	12128	6190.24	1741.55	50.14	45.96	6.6	15210.1	[0°,0°,0°]	[50.14x45.96x6.60]	15210.1	0.115	0.164	0.114	43108.14	4511.02
PartType_422.STL	422	25284	504	296.59	52.09	4.8	19.8	2.1	199.58	[0°,0°,0°]	[4.80x19.80x2.10]	199.58	0.261	0.396	0.186	2869.89	18.19
PartType_423.STL	423	1676084	33520	45527.81	133332	76.82	76.82	120	708149.32	[0°,0°,0°]	[76.82x76.82x120.00]	708149.32	0.188	0.485	0.129	11445.81	38370.96
PartType_424.STL	424	7284	144	25801.41	199659.37	83.99	120	30	302377.53	[0°,0°,0°]	[83.99x120.00x30.00]	302377.53	0.660	0.892	0.114	18.61	193.62
PartType_425.STL	425	158684	3172	25344.04	162910.43	78.96	38.4	120	363855.78	[0°,0°,0°]	[78.96x38.40x120.00]	363855.78	0.448	0.642	0.200	493.47	388.52
PartType_426.STL	426	348384	6966	15228.36	77503.92	46.76	120	34.4	193030.58	[0°,0°,0°]	[46.76x120.00x34.40]	193030.58	0.402	0.848	0.161	1368.72	1717.19
PartType_427.STL	427	1138884	22776	37984.64	423983.57	97.97	120	74.29	873411.05	[0°,0°,0°]	[97.97x120.00x74.29]	873411.05	0.485	0.840	0.116	2040.50	15548.01
PartType_428.STL	428	177834	3555	98378.95	1624029.08	120	120	120	1728000	[0°,0°,0°]	[120.00x120.00x120.00]	1728000	0.940	0.784	0.132	215.35	4647.10
PartType_429.STL	429	367584	7350	12055.6	76341.21	120	31.96	48	184083.42	[0°,0°,0°]	[120.00x31.96x48.00]	184083.42	0.415	0.919	0.132	1160.69	1334.73
PartType_430.STL	430	35384	706	51011.24	35746	104.82	110.19	120	1385940.59	[123°,90°,205°]	[105.49x104.91x104.82]	1159961.72	0.026	0.798	0.101	1007.50	702.25
PartType_431.STL	431	548084	10960	34941.98	98540	83.14	113.51	120	1132499.67	[226°,90°,313°]	[120.33x112.86x83.14]	1129095.95	0.087	0.716	0.143	3886.38	4231.97
PartType_432.STL	432	236584	4730	86729.09	1306526.81	119.99	119.98	120	1727618.13	[0°,0°,0°]	[119.99x119.98x120.00]	1727618.13	0.756	0.733	0.112	313.98	3922.16
PartType_433.STL	433	6284	124	17870.89	116071.77	50.03	120	30	180115.49	[0°,0°,0°]	[50.03x120.00x30.00]	180115.49	0.644	0.882	0.111	19.09	80.44
PartType_434.STL	434	44684	892	31671.81	135545.55	120	93.57	91.82	1030963.72	[0°,0°,0°]	[120.00x93.57x91.82]	1030963.72	0.132	0.218	0.114	208.43	183.98